url_path,views_total,views_unique
/aubricot/computer_vision_with_eol_images/tree/master/object_detection_for_image_cropping,3,1
/aubricot/computer_vision_with_eol_images,2,1
/aubricot/computer_vision_with_eol_images/blob/master/object_detection_for_image_cropping/lepidoptera/lepidoptera_generate_crops_tf2.ipynb,1,1
/aubricot/computer_vision_with_eol_images/community,1,1
/aubricot/computer_vision_with_eol_images/graphs/code-frequency,1,1
/aubricot/computer_vision_with_eol_images/graphs/commit-activity,1,1
/aubricot/computer_vision_with_eol_images/graphs/community,1,1
/aubricot/computer_vision_with_eol_images/graphs/contributors,1,1
/aubricot/computer_vision_with_eol_images/graphs/traffic,1,1
/aubricot/computer_vision_with_eol_images/pulse,1,1
